INDEX 07 Ρ111180118.

128

The numbers refer 18 ilo 08888, nol 1ο 168 puqes.

1181188818, 86188, 70
Episoopus, 22, 80
11838888, 162
0888118888, 12
(18888, 60
leber, 81 88888 uxor ejus, 218
8888888, 61
sosius Hermonis lilii 81881, 227
1181181886, 118816 68, 163
neth nepos elus, 168
Rufius, 8688, 128
Alenus. 160
28811118, 128
David, 81 Mobilis uror eius, 167
1188811888, 63
Rogsrus, 160
1188818888, Petrus 68, 82
Rupe, 61188 68, 86
11888811, 168
18888888, 81 88188818 uxor eius,
willelmus, 88, 86
1188818, 1681111888 68, 66

usuam, Boberius 68, 110
8111888188,1’81888,81 18888118 uxor
ejus, 260
8811888, Roborius 68, 218
8818818, Hugo 68, 160
8. 6881118, Alebus, 131
8. 1118886618 6816, 101
8. Bothe, 8868118868, 67
888818818881, Elephenus llegisier
Hospitalis. 18
8. cruos, Gilberlus 68, 229
8. nomenoi. 61188, 82, 186, 186,
8. Fide. 18818118 68, 20
7711181888 68, 20
8. 1188888811888188868, 187
Prior 68, 187
88681188 68, 187
88888 68, 187
welserus 68, 187
8. 11818, 18681188 68, 81 Est uxor
eine. sss
8. 1118188818, willelmus 68, 81
8118818, Prior 68, 261, 886
8. 0888161768, 181

8. Ρ8188 super Divum, Abbss 68, 210

81811818181188888868, 196 Ι

8. 08881188, Hereberius 68, 91, 110

8. 18888, Buldrious 68, 101

8886881118, 1186111868, 72
8818818868, 72

Serisbiriensis, Huberlus episeopus.

260
888881, willelmus 6818, 62
8888888888, 1188181688, 18
Masinis, 18
8881818, Agnes 68, 100
willelmus 68, 100
8881881, 7711181888 68, 26
888188, Hugo, 212, 216
8888688188,181ι88888 8888888868, 282
881118, 118681188 68, 08
willelmus persons 68, 98
8888183888, Prior 68, 118, 228
888388, 81888688 68, 172
818, 11881688, 211
Simon, 162
6888888, 116
Simpinghsm, ses Sempliughem
8188888888, willelmus 68, 16
888188, 1118118188, 201
888, iohannes le, 176
881, nugo, 81 01881818 uxor ejus, 181
8888181886118681188 68, 111, 118
81881886, 6881118168, 20
11838888 68, 20
81818, 118888 68, 217
8188188, 11688 68, 182
Stephanus Rex Anulis, 218
81861816, 068 68, 111
81818, 1181681188 6818, 68
Stultos, 18868, 88
81888, 18118888 68, 228
Stephanus 68, 168
818888 81 68 Beleresbi, lisgerus
lilius willelmi 68, 228

’ 7711181888 68, 228

81886886, 8168868, 28

81881188,118188188 68168

8188881818, Johennes 68, 188
1681116868, 168
88888818, 188

8188888, Alenus 68, 168

886188, 88188188 68, 80

82

 

