191 1515115 5111111.

1111 ’tumim refer 15 tia 05555, 551 15 11555551.

85111515, Adam 115151 cristiano 15, 1511555151, 1151151151, 900
155 15111511155151, 199
0111111511 15, 155 Boeotus. 199
11οο5115115, 155 11151555, 199
85151555 15, 179 71515111511111, 59
8551015115051151, 150 171115151, 59
85111, 159 115151515111551, 1055155551, 15,
8515511511, walterus 15, 190 909, 909
8515051115, Η5511551 15109 1110515155115051151115, 911995
85115, 77511515515, 900 1111151055,Η53515,150
855151, Η5511551, 110 11151, 11551155, 00
8515511, Philippus 15, 90 1150515, 1111511551 15, 77
Rogatus 15, 90 1115111151, 1151 1151111151 15, 77
8515511111, 055115 11, 90 1150155551, 0111111155 15, 71
1151515515, 90 willelmus 15, 71
81151151511515 15, 91 11515515155,11511511155,100
0105115115, 91 1111511515, 109
willelmus 15, 91 willelmus 115, 100
1151551, 1151115 79
15115οω,1711511555997 1510511115, 1151511110
15115151, 7155111155, 110 775115151 150
155’,51115111115,151 muruham. 1505555 uxor 11505111
155551115105515515, 177 15, 159 ’
“ 15151051,11505115115,19 11505115115,10,11,19,101,159
1500 15 Bell, 109 8155115551 15, 00
1515515111ς 1151151 1111115 Templi, 15111, 81515515, 100
9110110901 1111511515, 9115115 0011111 5551555
1511510511,555 1055150111 15, 901
1055150111, Abba 15, 01
1055151, 97, 109, 100 715515, 7711515151, 105
0511515551, 71 upton. 5515115111, 199
1051551 filius eius, 71
11515177115511,900 71151511115555551515
1115515, 8101151155 1511 uxor, 109 Petrus 15, 15
11505115, (1551111151 1590 15051151 15, 15
111’,1155115,150 755155, willelmus 15. 51 mabilia
111, 15151155 15, 19 51515155, 900
1711511551 15, 10 7551511, 1153155115115, 909, 910
1150511551, Philippus 15, 900, 900 1151515515, 910
115505111155,77111555, 990 751155, wido 15, 105
11510551,150015,159 7515511, 7711515115, 51 L uxor
111011, 11181511 ejus, 94
015, 01 75151, 151115151 15, 19
811555, 107 - 71551, Adam 15, 915
1711115151, 100 7151151, 15055551, 171
115115, 75015551 15, 79
15151, 1115155110 7711155, 1055151111, 100
15151, 7711515151, 1, 90 17515151, Milo 15, 150
151551, 10051 15, 97 7111515,155

 

