112

PLACITA CIVILIA.

The 1166111611 refer to 1116 Gaea, not to the paqee.

1116111116 1., 666666 6616661166 61,
135, 197

1161111611, 61111661 61, 3, 131

116116 61 court, 37, 62, 155

661616 611161 1616111 16666116
6166666666 61 moene 1616, 143

salt-pit, 219

3611161632

11661, 16166, 26

861616, 46, 155

861616, 66 61 166, 126

8616111,111611 61, 16

661666666611661616,165

861166611,112

3611166, 6616611 61, 32, 95

8611166, 16116666, 64, 77, 101, 102

36111666, 3, 32, 47, 61, 63, 56, 62,
71, 00, 96, 90, 101, 193

8116116, 6616111161, 124, 133, 160

81161111, 16 6611161 up goode 616-
trained, 95

81161111, testimony 61, 7, 50, 54, 110,
231

811611106116116, 231

Ship, 11611 6, 661166611 61 finding,
112

366616 tenure, 61, 32

86116666, 32

8161111611,11166 61 11161, 213

3661116666), 3, 26, 137, 134

8666666, 63, 209, 252

11666666, reasonable, 130, 223

16111, 116

Tenent 61 will, 246

Tenent 1166 1661 16 1661, 232

166616, 8 (666 6166 services)

1616611666, 177, 192

Third party, 616161 111, 33, 112,
159,171

Thomas 63661161, 661111666 61, 61

7611, 27

’11161116 61 wax due trem 6 61161611, 67

1166611616 111116, 66 666116666166
to, 76

*7616116 66 liberie 6166611616,’ 223

71661, 1161666116 1166161 111, 35, 70

71661616, 35, 70

71611, 121, 169, 226, 242

71611 61 ⁸ 166161166,’ 10

7111616 66 jury, 221

71116166, jury between, 123

7111616636, 6161116666 166616, 14, 43,
68, 78, 123, 164, 187, 196, 236

werin 7761663

7761661111, 69, 30, 32, 103, 144,
156, 157,167, 172, 202

7761166161 16 66666 61 1161161,117,
244

77616611, 43, 43, 43, 30, 149,157,
176, 179, 137, 204, 211, 232, 252

1761161111,361111166166661116661166,
227

7761161111, «1661166616311616661166,
70,127, 144

7111116611, King’e 661111 16661166, 250

1761161111,16111’6 court 16661166, 22,
26

77616144

7761666666, 6116111166 61, 201, 203

7761, tribute 61, 67

7766666161, fite 61, 167

17111, tenant 61, 246

77666, common 61, 03, 147

77666, 6666111616, 247

77666, 166666 61, 45

17666, punition 61, 121

77111, error in, 31, 91

17111, 661661166616, 16, 23, 24, 51,
52, 112, 154, 176, 193, 240

Writ 6116611116, 81

7711161 right in the lord’e 66611,
22, 3634Ι

77111 (16661166, 16, 91

 

