INDEX OF PERSONS.

-004—

2716 numbers roser 1ο the (16666, 661 16 the paqee.

Aeele, 116116 66, 62
666616, 36661166, 77
66661, 57
1116136116 uxor ejus, 57
Adam le Viner‚ 215
666, 36661166, 66
66166166, Hugo 66, 145
willelmus 66, 146
61166166, 152
616666 carpentarius, 5
Alenus 116161 Alani, 168
Alanus 61661666 66 1161166661, 220
Alanus peter 11666111 (loci, 167
6166616116, (16616666, 157
6166, 1166611664
616611666 61 661161166661616166, 162
61666, 36661166, 48
616166661111161616166, 112
6161616 66, 112
6161666, Η6616 66,162
6166166, 1116116166 16, 10
Alexander 61611666, 115
61161616 6666616616, 253
611616 616161 11166161, 163
611616 quen 1611 uxor Eumlridi‚ 243,
244, 255
31661666 lilius 6166, 244
1761161116 illius ejus, 244
616616, (1616166666, 83
Η6611666 66, 33
11636666 66, 33
16661666 66, 33
61611666, 4
661611, (1661116116 66, 73, 113
6616161613, 1116161666 66, 137
Rogerus 66, 137

6161611611, 87
66611666, 135
6611116116 61611666, 64
616666611116, 61161666, 59
Aviola de, 117
Elius peter 611616 66, 53
5611666666, 69
1116661166 66, 117
Willelmue de, 164
66661616, Μ6616166 66, 37
6666111116, lohannes de, 168
6666161, Rubenius de, 89
Willelmue de, 89 ,
66311666, Thomas, 61 (1666166616
uxor ejus, 233
66361661, 161666 66, 153
6666111166, 30
66116666, (16661666 66, 66
666116, 8661166 66, 28
1111661166 66, 28 “
6161161116, 116611666, 147
Hugo, 26
6161166, wido de, 10
6166, Philippus 66, 152
61611616, 1166161611 66, 247
Areu, Thomas 66, 13
61366166, 3661661666 66, 8
1116616116 66, 168
6166, lohannes 66, 184
6666616116, Μ66111666, 88
6666111116, Μ611166 66, 126
66666661, 86116166 66, 37
6661616, 1166611116 66, 230

Augu, 1111161616666, 254, 266
Μ611166 166161 6166, 251, 256
66366, 17

 

