116

PLlCITA Cll'lLll.

1116 numbers rosor 16 the 06666, not 16 1116116961.

cressi, 0661116 66, 109

11636166 66, 109

Willslmus 66, 109
0166666166 66, 78
(11611666, 611166 66, 68, 69, 161
(11666, 66111666 66, 164
eumin, Henrieus, 71, 106
0661611116, Η6611666 66, 200
0616611611, Wundrillus de, 134, 169
curcy, 61661666 66, 81
06616166, Stephanus (16, 149

1111161166666, 149

116116, Comes, 36
11666666, Simon, 146
1166, 7710616166 66, 123
116666, 1166611116 66, 166
1161166, 1166111666 66, 88
11116, Agnes 66, 92

Philippus 66, 92, 164

Philippus filius Philippi 66, 92
1166, 1161161166, 237
Doget, 168
1161, 61661666 66, 17
1161166, 11616616 66, 72
11666616166661, 264, 266
116161616116116116666, 160
1)666,1161111166616,63
1166611666616 6116661166, 40, 41, 42,

169

6666616116, Prior 66, 36, 261
1161166611, Eustasius 66, 62
11661661, Alexander 66, 136 ·

· 6116666, 616166 66, 10

61161666, Abbus 66, 41
Dominus 66, 109
’ Simon 66, 160
6661616166, Willslmus 66, 61066-
166616 61616166, 138
66161616, Ρ61166 66, 160
6611166161 (16611161, 67
61616166, 11116 16, 136
6111661, Hugo 66, 102
61166, 18
1161610661116, 149
61166616 6116661166, 136136, 183
61111166, 611616 66, 20
Β6111161616666 66, 20

1111611616, 1166111166 presbyter de, 174
Enguiu, 1116616116, 61 66116 uxor
6166, 60
Episcopus. «16166666, persons 66
6666611, 176
1716611666 nepos 6166, 176
6116661616, 1116111666 66, 6111611166
uxor ejus, 234
61661616, willelmus 66, 149
6661166116, 6616111666 ι’6, 166
66661, (1111161166 66, 139
6666116, 1166661666 66, 113
66166, 116161666, 16
lohannes 66, 16
1161111666 66, 16
Willslmus 66, 61 Ι1611666 6161
6166176
616116, 61661666 66, 184
61616161, Hugo 66, 61
6161111111, Hugo 66, 32
1116611616, 111166 66, 67
Eustasius 61611666, 146
66111666 6611611666, 221
6166616, Abbss 66, 246

Faber, lohannes, 30
11616166, 48

11616166, 61 66666 6161 6166, 213
66666, Bubasius 66, 160
1166111611), Andreas 111166 Ι1611116616

66, 231
16161116, 061666 66, 39
116116,Βὶ661666, 64
Fet-ring, Theobuldus 66, 17
Fusus, me :-

Abr', Hugo, 231

lde, 66661166, 66

11166661, 6616661666, 68

11166161, 611616, 187

11161111, 6616661666, 14, 68

Alani, 66611634

Η6166, 227
16166666, 168
liudulfus, 231
11661666, 131
1161161166, 71
willelmus, 227
1111166166, 216
Albani, 6666666163

 

