1me 00 001000.

*100-

000 numbers rosor 10 110 00000, 001 10 110 mea.

010011οι0, 107
Aeolo, 00
0111011000, 015
011101ιο00, 104
0100010100, 000
· 00100010, 07
0000000, 00
00ςο1000, 150
00000000, 0, 44
000100, 101

0000000010, 140
0000011, 170
0001, 000
00010000, 000
0010000001, 40
000100, 00, 004
0000010100), 040
0001010000ἰο, 17
Rubri& 50
1101101001, 05, 054, 055
110ιο00, 15

1100000100Ιο, Pam, 004
. 1100001010οι, 00

0011οε101, 07
00110001, 100
0000000, 10

00001, 105
cormello, 07
0100οο011, 004
cruda, 001
crambes, 105

00010100, 04
culinges. 151

000100, 007
00000001, 00
1100101001, 00
Deun', 0
0101000 1000, 00
Donooastr'‚ 41
0000010013 051
0011011, 40
00000100, 000
00010100, 110
0000000000, 07

Ebleg', 175
00000010, 100
0000, 170
0010010. 101
00000, 100

1100001000, 51
110011, 100

Fabam, 50
100011οι0, 14
1100010οι0, 100

000, 00

mida 100, 107
11100100, 170
01001001, 55
Flete, 150
0010000100, 04
11010100, 70
Flore, 05
0101000050, 104
1101000010, 50

1100110100, 00
00000007

(1000, 100
(1100010, 054, 050
flowing, 05
1101000001, 144
(1010000100, 170
00001000, 01

Hul', 000

Hune, 150
1100001011, 110
00000011, 047
1100010101, 70
Heidur, 117
Ηο1010100, 000
Ηο15005001, 40, 40
Ηο1100100, 104
Holmon, 000
Ηο1010300000, 40
flemingetord, 140
1100100, 100
110010οἰ0, 75, 054, 050
11001οο, 050
1101010100, 05
00100011, 00
Ηο0010100, 010
Hordeo, 11

101000, 07

11001011, 0011
1110000100, 00, 100
1110100,17001,107 ,

ΙΚο1001000, 105

 

