114

PLACITA elvms.

’.7111 numbers rosor 16 tho 66661, not 16 11636966.

Augustinus 6666116666, 176

16611166, 66561166 66, 181
66611611, Aurinia 66, 16
(1116561166 66, 16
Aviola 61161 77611611, 57
616166, 6656116666, 121

66666, Esuriens, 161
61661666, 150, 261

6666611, lohannes Episcopus,
personale, 176

6616661666, 168

6111611661, 06561166, 256

6616, 11636, 61 11611166 uxor ojus,
190

6611616, Lucos 66, 166

r Burdolph, 11636, 46, 50, 79, 110, 111

66111163, 61661666 66, 66
6611, Alexander. 51
661166, 6616616166 66, 221
66666111, 66561166, 210
666661, 0611166666, 70
66661166, 70
1716616166,70
661611, 61661666, 56
66166166616 Episcopus, 94
66666, Willolmns 66, 112,152
66611, Ρ61166 66, 166
6616166, 1166111666 66, 150
66111116, (1111161166 66, 61
willelmus 66, 61
Bell, 26111116, 169
2666561666, 61 1111616166 61161
616662
66116 aqua, Bobertus 66, 65
66116 compo, Elios 66, 61 0661611616
6161 ojus, 160
Pogonus 66, 51
6636166 66, 68
Simon 66, 51
Stephanus 66, 96
6666616166, 196
6666166166, 1116116166 66, 97
6661631611, (laufridus 66, 261
61616666, 261
66166661, 77611666 66, 152
6616636166 avunculus «1636 11116
’.1116162111
66136166, lohannes 66, 266, 238

661366, Simon 66, 111
6611166666,61661666 66, 177
661616116οεί6, Prior 66, 155
6611166661111666, 15 ,
11636 66, 15
61661666 66, 15
77111611666 66, 15
6611661166, Thomas 66, 61 Eva uxor
ojus, 206
6616166111, 6636166 lilius 7711161611 66
61666 61 66, 229
6133616, 6666611666, 31
6116, 1716616166, 165
11611166, 185
6166116, Rogatus 66, 7
6161616, 6166166666, 12
1163616666, 12
6111163, 66116666, 176
6636166 66, 178
6166116666, 66661166 66, 266
61611166, 1161666166, 201
Bloy, 6666116616, 14
Blandus, Johnnnos, 66
66561166, 66
willerus, 66
7716616166, 66
Blunville, 66661166, 60
61661666, 60
Willolmus, 60
Bool', 6166111666, 65
66661616, 66116616, 7611611666, 62, 66
Bodekoshsm, 11636 66, 164
66116111, 1666166, 212
Βο1166661,11666661661666 66, 220
666111161161666666, 198
Ρ116166, 191, 206
661661, Thomas 16, 61 Rosa uxor
ejus, 206
66666, 11636 66, 181
6636166 66, 151
7116616166 66, 60
66166, Η636 66, 96
Boylorp, Robertus 66, 181
61666116, 663666, 150
61611616, 6661116166 66, 165
6161611111, 76166666 66, 16
6161611661, 1611611666 66, 171
6111611616, 711661616666, 76
61661166, odelina 66, 115

 

