199

PLAOITA CIVILIA.

155 numbers refer 15 155 05555551 15 155 55555.

ffiffl} 155
555
Leia, 175
11515, 941
155555, 99

1151555, 100
1151551555, 199
11515555, 99

11155515, 9

1155551555, 999

15551551, 115515555, 91,
119

95555155555, 59 1151555, 99

151555151595, 159, 999, 95195155, 9551151551195, 115515555, m 11551551

5155551555, 995
nith. 194
1151555555, 119
15515155, 907
1555155, 159
1511515, 51

1151551551, 99
1155155553, 74
11551515, 195
1115155555, 111
1111551555, 990
11551555, l

115155155, 199

115555, 49
1115515555, 99
11155155, 190
Norbam, 45
1155555155, 97, 95
11555555, 9
1155555155, 19
115111555555, 19

01955155, 999
0555155, 1, 44
05555555155, 94
05351551, 49
055551, 919
Oura. 101

151115555, 199
Ponant, 191 ,
Person. 190
Ρ1511555, 194
1511515555, 190
Ρ5511153, 175
15551515, 949

111555555555, 90
1115155, 79
1155555555, 49
1151155515, 70

95555555, 155

949, 944, 959, 955
55555, 515
9. 9155555, 104
9. 95151155, 159

15555555900
1551555909
1551555551,197
15555155, 910
9.1)5551551,55515515,199 115555155197
9.Ε(15155555,199 1555551511, 199
955555555590 11551555, 199 ·
95555155, 99 1555555551, 199
95551555, 149 1555555, 77
9551115155, 179 1555515155, 169
955115, 99 1555551, 15551599
9555515155, 999 ¹

951115, 99
Serdreie,6⁰
9515155551, 71
9111555155909
9155155, 79
9155551, 47
955151’,5
9515555511, 79
91551511, 9155155, 199
91515, 917
9115555511, 171
91555555, 99
9151551151, 9, 44
91555, 949
911555155199

1115555, 99
1155515511515595, 199

1751155599
775551555515, m
· 1751555590
17551555, 70
17511, 90
1751155, 4
1751955555, 999
7755115155, 197
westmonasterium, 197
1755155, 94, 109, 154
1755155555, 14
wiern, 919

9555555, 915 Wik 5? Ι

955155, 157 wssmede' 25⁰

171115555, 99
1715555551555, 59
77151555, 191
17111551, 177
17115551, 99
Tafflebzc' Thudesbm' 1199115119555, 100
Τεῑῃὲωηὴθ, 72 1755555155, 59

Thakelesbroo,see1210· 70110963
hm 1755535545

mie, 159 1755551555, 97

15555155, 911
11551155), 919

851155, 199
9555111551, 91
9151551515, 49
9515551515, 199

155515551, 995 .

symm.

 

