110 1110111 0111111.

1210 numbers roser 10 1110 00100001 10 11000100.

Fine 10000 10 00011 80100, 26, 80

1011011, 101001011, 1010011000101
001, 168

10111 000 0011, 100010 by, 14, 58

11001000110,252

Frank 1110111000, 1, 3, 59, 184, 211

Frank 1001111110, death 01 11110
11111001100110, 184

Frnnlr pledge, 104, 135, 188

0100 100010001 01 pledge, 186

(10110110, 0111010, 104

(1010111100, 6, 107, 128167

010100, 1001 1000110001, 56

01000 1100110 (see 0100 11000101-
1100),17, 31146, 53, 66, 161, 152,
162, 108, 171, 212

00010100, 1101101, 144

11011010001
dete 000 spite, 181
11011110, 1001 10001100 01, 46
Barke, 0101110101, 101
1101 0011100011, 79
Ηο11, 000 0000001
Ηο11, 00001010100101, 66
1101101100 101 001110, 146
110011 1., 11100 01, 33, 41, 48, 76
001 end 1001 when quieti 000
dead, 17, 76, 260
1101111 11, first 0010001100 01, 218,
222
11010 01, 46, 60, 72, 80, 98, 162,
175
1100011010, 24
11001000, 32, 47, 73, 129, 138, 192,
200
Ηο100 000 11010000, 00110110 01, 147
1100011011010, 1111011101, 248
Hense-breaking, 250
11000100, 100 court, Hundred
Hundred, 011001, 120
11000100 10 0111010 110000, 101,
120, 136, 181, 183
11000100, 00110 00010, 104
Η110110001000 0110, 240
Wiie'e 110011010112, 154, 170179
Huebnnd 10001100 wile, 233
Wiie 0011001100οε 01101001, 165

81110 by 110011000- 01 111100 lende,
226

Ιο101100οι0001, 40, 41

10101100001001101 1001010100000,814- 55
1010010011011101, 149, 166, 157
10001110000, 100 0000001 ⁰

Inquest 01000 by 1110 10011000, 98,

114, 144
1000001, 00101001 101, 144
101100100, 110, 180

Jerusalem, pilgrimege 10, 78, 133,
148140, 215

101108

John, King, 0010001100 01, 8, 4,
179, 286

1001011101 01 Bnrghmote 001111
0100000,226,227

1000111001, 00101001 101, 198

lurore, (000 see 0100 1100ομ11010),
0100110001001 01, 241
1100111000 01, 217
100 0001, 126, 258

· unworthy, 126127
10010100, 126, 127, 253
1111010, 221
questioned, 242, 254

1011, 182, 188, 169

1011, 00101001 101, 1, 61, 110, 216,
224

J 011 01 sixteen 01000000101 parties.
136

J 011 01 twenty-four, 87

1111101 1110011-1001100001101 1110110,
160, 216, 224

J 0011000, 001100 (0010100001005

. 11101, 0000111100, 87

King'e 11000, 1000 taken inte, 18,
20, 96, 124, 165, 166, 280

King'e 0011100, 86, 39, 81, 199, 228,
247

Knight 0011100, 82, 63, 82, 125, 220

Knight's 100, 72, 82, 100, 108, 188

Knighte, 1001, 000110 inquire, 88

11011, 11000101, 7, 83, 66, 137, 146
1101 100, 75, 81

 

