INDEX OF MATTERS.

111

The number-e refer 10 the 00100, 001 10 11110100.

10101,1000100111 01, 157
1100000 10 romain in Englend, 120
1131111116 001010 per cultellum frao-

110001010101, 00010010 01, 128

1101101100, see Frank-marriage

11011101, 27, 136

11011101000111001001, 8

11010010, 1011011101, 15, 91, 109

11011101011100110101 0000001, 108

Meninge 00 0101-100, 100

11010010, lord’e right, 108

11010128, 80

110101, 1001100 010, 80

110101, 1011010, 98 ·

11011001, 129

110000 1010, dieinherieon 01,
through 0010 to 01101 1010 11
10001118

Mill, 01001100 01, 202

111001111, 87, 157, 211

11011010, 8, 25, 11, 79, 118, 171,
188, 192

Now 11101, 116, 217

11101111006, 10, 120

Nolle prosequi, 52

Non ioinder, 28, 11, 89, 60, 85, 112,
128, 151, 102, 170, 218, 215, 210

Non tenure, 15, 71, 100, 219

1100,011001000,1011110 00 aetion,
115

0011, testimony 01 recognitor
before, 118

Odium 010110, 181

00110111, 188

Ρο1000010, 16, 29, 80, 85, 111, 206,
1101111110 1010110000, 26, 61, 112
10111100, 18, 26, 57, 00, 85, 112,
Pedddnbuletion 01 bounde, 28, 12
Pilgrimege, see Jerusalem

Pleee 01 the Orovm in private

hande, 185

Ρ100100001011,108,·018ι Ξ ι( ,

Pledgee by tenente 0101001 11011
1010129

Pledgee 10 1100001110, 287

Pledgee, Biehop put 11, 91

Plevin, 18, 20, 96, 280

Pone, 11,81, 119, 158, 218

Ρο1110010 00011, 179

110100001100

1100001011οο 01 01011, 81010110-
1010191181

1100001000110100, 229

Ρ10000111100 01 death 01101 00100
10010156

Preeumption 0100011 01101 twenty
10010190

Priory, edvowson 01, 18

Ρ1111101001 001 being impleeded 10
0010001111 110 King’e, 218

Ρ100001100 0100000 ordered, 71, 111

Prohibition 01 00011000, 51, 75,115

Perge 11 110 lew 01 8011001110, 101

Ρο1110010100, 117

011001100000100011011100000011010
11 the 00011, 02, 186, 126, 288
001-01010, 11, ee, 11, 11, 10, 01,

70, 181, 281

1000101100 (see 0100 (11000 Asside),
88,11,15, 58, 56, 188, 162, 212
1000101010 (see 0100 Jurore),

0010011 01, 21
1000101010, 1110101010 10001100
100 reoovered, 181
1000101010 removed 101 1010111,
1101ἰί0111 removed 1000000 01 kin,
00111101 (100011 00011, 88
Reoord 0111000100 court, 181
1100101,101010011101011001 10, 85,
11011101, 100001, 78, 100
1101101, 0111 0101101 10101 edjudgod
Bem'h‘drl’lddddmonestio profession), 97,
109, 182, 208
1100110, 1111 01, 81
11101010 1., 110110 01, 87, 62, 155

 

