ΙΝ DEX OF MATTERS.

—·000-·

2710 numbers refer 10 tho 00100, not 10 11000001.

81001100 beyond 0000, 28, 48, 81, 80110001-

125, 156, 190, 199, 220, 228

801101101-

17111 01 night, 5, 6, 17, 18, 20,
28, 88, 84, 41, 48, 45, 49, 52,
56, 60, 72, 74, 76, 80, 84, 91,
100,105,112, 119, 185, 159,
166, 167, 175, 178,196,198,
206, 280, 282, 250

17111 01 night 00101100050100110,
6, 25, 61

77111 01 night 101 0110101110 and
00111000, 51, 58, 185

17111 01 1110111 111 1110 10110 00011,

17111 01 night 01 0110110011, 12, 85,
87, 41, 184, 161, 245

17111 01 night 01 0 1010111000,
24

17111 01 night 01110001, 14, 15,
16, 58, 65, 85, 92, 109, 117, 188,
195, 284, 248, 258

17111 01 1113111 01 Frank-marriage,
59, 162, 165, 225, 244

77111 01810111 01 77011, 82

1711101 2011110101000, 148192

71111 01 Entry dum fuit infra
01010111, 59

800110 0117000111100010111, 9, 21,
22, 28, 80, 44, 62, 79, 81, 98,
111, 110, 101, 111ἶ100, 100,
172, 179, 184, 185,186,191,
197, 224, 226, 227, 288

800110 01 170001 0110001010 tandm
11110011 (1001198

800100 01 11011 0101000101, 1,11,

29, 84, 78, 105, 107, 122, 128,
126, 128, 189, 149,155, 156,
157, 158, 159, 170, 178, 187,
188, 189, 190, 198,194,198,
204, 205, 207, 208, 209, 211,
218, 215, 216, 218, 219, 222,
228, 288, 285, 287, 240, 241,
242, 246, 246, 249

on (100111 01 1011101, 29, 105,
107, 122, 128, 126, 158157,
170, 187, 188, 189,190,198,
204, 208, 209, 211, 215, 210,
218, 219, 223, 241, 242

00 death 01 mother, 169

0111100111 0151011101, 1, 148155, ⁸

288

on 600111 01 uncle, 84, 189, 194,
205, 207, 218, 222

on death 100110τί0000149, 215

on entering religion, 208

800100 01 11011010010001101001, 70,
182, 154, 210, 217, 251 1

800110 utrum, 252

(1000110111, 89

De 00101110, 68’

Da 1111010010, 160, 175

De 1101111ιο 111011101010, 40, 41

De inveniendo necessaria, 115

De servicio 1010110100, 04

De serviciis, 99, 185

Βο01110100010,78, 164 v '

110111, 88, 82, 102, 145, 178, 174

11011000, 8, 187

Quare capit 1101001011, 27

Quare 00011 10111010, 86, 147

12

 

