INDEX OF MATTERS.

109

The 1111111011 rosor 10 the 0110011101 10 1110111301.

0111111101, hired, 32 “

0111101, 1013011, 26, 134

01111011, 11011110 01, 8, 137

01011011, 10111110 01, 62, 63, 86, 95,
124, 144, 147, 250

0111031111, 65, 57, 64, 71, 77, 88,
142, 160, 176, 260

0111031111, 11110, 166

011101 perch, 16

0101011110,120

civil 10111, 208

0101110 be distreined 111 no 111 100,
75

00111101, 01110011, 93, 247

common. tenentem, 121

00100111,1100110001,61Ι y

Gonqucet‚Norme.n,iitleirompleeded,
27, 33, 41

00111011, point 10 be (11101110111,190

00111181113111010, 226, 227

001111, Christian, 111111, 12, 22, 30,
75, 83, 93, 109, 131, 145

00111, 0011111, 9, 38, 44, 90, 99, 188

001111, Hundred, 104

001111, Ρο11111010, 179

00νο11110, 100 Husbend end 1110

0111101111, 10011, 27, 136

00110111 01 101111111011, 123

Ι)0111,1111113, 50, 109, 182, 288

1111111301, 4, 86, 201, 202, 203, 236

1111111301 101111101111, 114, 185, 196

01111301 1011100111111110, 136

Deen 1111 chapter, 282

11011, 38, 88, 102, 113, 146, 176, 174

Debi. ecknowlegmeni 01, 25

1100011111

Deed, 100 0111101011 8011

00011, enrolled, 3, 66

11011111, 105, 119, 208, 209, 230, 249

Demesne, 100,123

11011110, 66, 177

001111110111110111113, 16, 176

0011131110111,10, 11 10 uncertain
11110, 76

0011311011, 11 01 11311 end 11
commend of 1101111, 76, 250

0010011, Conone oi

thle 11111111 blood, 1

Nephew end uncle 01 deod 1111,
194

0110111111 11110, 6, 107, 128157
Lord smihein, 139
Brother's son 1111111011 101, 139
00111110, 10010110111 Detineo
Dike 11110111 down, 98
1111110111 01 101110, 74
Discleimer 01 10131011, 47, 73
1111101111, 114
Ι)1111011,102, 113, 184
01111011, power 01, 102, 184
00110143, 60, 62, 88, 110, 166, 102,
165
Dower, 1110111101101101, 189
Dower, 0111101111, 16, 66, 195
1101101, excessivo, 189
1101101, 1111111, 64
1101101, 01 11101011, 128
1101101, 11 3110111111, 128

hogeg, 111111110111 0100101, 117,

Duel, 72, 104

. Ecclesiastico] 001111, 100 00111

Christian
Ejectmeni‚ 62
11101011, 188
1110011, 26, 112
1111111113 1 need, 247
Essoin de 11110 10011, 10, 23
Ε1011130, 46, 48, 212
Ε110, 1111111011 01, 184

81110 epponi. 181 ,

Fslee 0111031111, 163

Fslse imprieonmeni, 40

Felse 1111311011, 38

Fslec presentmeni‚ 220

171111, (1111011111 01, 124

11001119

110110 0010111οα Husbend 11111 11110

Fence. making 1, 230

1001111011, 56, 80

111011110111, 113

Fine (11 1 means 010011011100),
71, 160, 176, 260

Fine without 1111, 26

Fine 111110 11 0011111 00111, 44

 

